3.338406319898191e-05
2.002306745736896e-06
2.0030379592976998e-06
2.004717801051641e-06
2.0118275404344575e-06
2.01565756168129e-06
2.0144625341885705e-06
2.015561502766977e-06
2.020676880124669e-06
2.0183862990002833e-06
2.0155035842779444e-06
2.0163240409123075e-06
2.0189127092244096e-06
2.025601439306984e-06
2.0321142009560125e-06
2.0210250648793367e-06
2.028419780726767e-06
2.0252075968977145e-06
2.0264525607438777e-06
2.0197143762080728e-06
2.0306881106094095e-06
2.021193241713451e-06
2.035864604477148e-06
2.026671710957068e-06
2.028994170144722e-06
2.0258819981819965e-06
2.0244163325482277e-06
2.0364533837561847e-06
2.0468615648387923e-06
2.0315454791302502e-06
2.0378714999298677e-06
2.0230420524995055e-06
2.0390517709449375e-06
2.0241653441604235e-06
2.0389780598136175e-06
2.034300657288137e-06
2.026248624751866e-06
2.02903989561024e-06
2.0276419522711793e-06
2.0255779150193553e-06
2.028101108579337e-06
2.0378082726328104e-06
2.0368732275513455e-06
2.0280578164133326e-06
2.032665333816821e-06
2.029770912709702e-06
2.0367537096668972e-06
2.038216385695174e-06
2.039868590032008e-06
2.0306344184614163e-06
2.0330925018870365e-06
2.030726298497243e-06
2.0276823345174056e-06
2.0244513735434393e-06
2.0269244434644297e-06
2.028294143161068e-06
2.0409100746119645e-06
2.0261099418640112e-06
2.0396688849363656e-06
2.0270705499490096e-06
2.02646975771024e-06
2.027849025745941e-06
2.0334121142074252e-06
2.0208794666153354e-06
2.0355098925915607e-06
2.040673539780484e-06
2.0389580764953926e-06
2.0356440594006405e-06
2.0227379098773867e-06
2.0229245809720295e-06
2.048540120047763e-06
2.0262120170547967e-06
2.044973380435623e-06
2.0360022978690925e-06
2.040460774593483e-06
2.034603999767907e-06
2.0433898845451677e-06
2.0488959931843467e-06
2.0463786244304117e-06
2.0373796993958455e-06
2.028352082399447e-06
2.037594110538903e-06
2.0394207756984875e-06
2.037940528271164e-06
2.0282877702417182e-06
2.0403160588524753e-06
2.0375080526223333e-06
2.038783345853791e-06
2.033194754430388e-06
2.0306066022832136e-06
2.032719322089782e-06
2.04840912335779e-06
2.0360194115816023e-06
2.0257716374437543e-06
2.0548740017517473e-06
2.0381511866362047e-06
2.044815773785538e-06
2.0364362780063436e-06
2.050732030820073e-06
2.03000198214215e-06
