3.206395194865763e-05
3.851662404485978e-05
4.2559793655527756e-05
3.66506828868296e-05
3.325467332615517e-05
3.55176925950218e-05
4.025937232654542e-05
2.9690128940274008e-05
3.867714258376509e-05
3.1095623853616416e-05
3.627411206252873e-05
3.122623820672743e-05
4.0015660488279536e-05
2.8467271476984024e-05
3.163997462252155e-05
4.009025724371895e-05
4.524727773969062e-05
4.172085755271837e-05
3.878089410136454e-05
4.0204049582825974e-05
3.7245605199132115e-05
3.842590012936853e-05
3.151233249809593e-05
3.5945657145930454e-05
3.236484917579219e-05
3.38670433848165e-05
2.677081647561863e-05
2.9878707209718414e-05
3.149792246404104e-05
4.837432788917795e-05
3.212274896213785e-05
3.5576129448600113e-05
3.2629955967422575e-05
2.5299346816609614e-05
3.592233042581938e-05
4.238701512804255e-05
2.1677309632650577e-05
3.4052489354508e-05
3.5888213460566476e-05
4.586935756378807e-05
3.7818943383172154e-05
2.8814909455832094e-05
4.297941268305294e-05
3.500421007629484e-05
3.7690049794036895e-05
3.349464896018617e-05
4.188515595160425e-05
5.313252768246457e-05
4.742766031995416e-05
3.057429421460256e-05
4.682827784563415e-05
3.658074638224207e-05
4.6532542910426855e-05
3.070929233217612e-05
4.642662679543719e-05
2.8375661713653244e-05
3.980186738772318e-05
3.4007422073045745e-05
3.5691624361788854e-05
4.329029979999177e-05
4.404880746733397e-05
4.756879570777528e-05
3.6523371818475425e-05
3.478616417851299e-05
3.495506098261103e-05
2.8474458304117434e-05
4.0377810364589095e-05
4.2515050154179335e-05
3.544012361089699e-05
4.444282240001485e-05
2.9902726964792237e-05
2.7609310564002953e-05
3.403322625672445e-05
3.8209425838431343e-05
2.7857546228915453e-05
4.9487869546283036e-05
4.060945866513066e-05
3.6511239159153774e-05
4.4232812797417864e-05
4.701894795289263e-05
3.7109221011633053e-05
3.555521470843814e-05
4.519300637184642e-05
4.4647211325354874e-05
4.63464530184865e-05
3.702551475726068e-05
4.293093297746964e-05
4.62441639683675e-05
3.379453846719116e-05
4.8943453293759376e-05
3.588505569496192e-05
4.742874079965986e-05
4.585063652484678e-05
4.094765245099552e-05
5.15152387379203e-05
4.637853635358624e-05
4.461500429897569e-05
3.979640678153373e-05
5.8387904573464766e-05
4.00921271648258e-05
